~ val A B C D E F G H I J K L M N O P Q R S
A   ~ ~ 2 3 3 1 2 3 2 1 2 2 3 3 3 3 3 2 3 1
B   ~ 3 ~ 2 3 3 3 2 2 2 1 3 3 1 3 3 2 3 3 3
C   ~ 3 3 ~ 3 3 2 2 3 3 3 2 3 3 3 3 3 3 1 1
D   ~ 2 3 3 ~ 3 3 3 3 2 3 3 3 3 3 3 3 1 3 3
E   ~ 2 3 3 3 ~ 3 3 3 2 3 3 3 3 3 3 3 1 3 3
F   ~ 1 3 3 3 2 ~ 2 1 2 2 3 1 3 2 1 3 3 3 2
G   ~ 2 3 3 3 3 1 ~ 1 3 2 3 3 3 3 3 3 3 2 3
H   ~ 3 3 3 3 3 3 2 ~ 2 1 3 3 3 3 3 3 3 1 3
I   ~ 3 3 3 3 3 3 2 1 ~ 1 3 3 3 3 3 3 3 2 3
J   ~ 3 3 3 3 3 2 1 1 3 ~ 3 3 3 3 3 3 3 3 3
K   ~ 3 3 3 1 1 3 3 3 3 3 ~ 3 3 3 3 3 2 3 3
L   ~ 3 3 3 3 3 2 1 2 3 3 3 ~ 3 3 3 3 3 3 3
M   ~ 3 3 1 3 3 3 2 2 1 2 3 3 ~ 3 3 1 3 2 3
N   ~ 3 3 3 3 3 3 3 2 1 2 3 3 3 ~ 3 1 3 3 3
O   ~ 3 3 3 3 3 3 3 3 2 3 3 3 3 1 ~ 2 3 3 3
P   ~ 3 3 3 3 3 2 1 2 3 3 3 3 3 3 3 ~ 3 3 3
Q   ~ 1 3 3 3 3 3 3 2 1 2 3 3 2 3 3 3 ~ 3 3
R   ~ 3 3 3 3 3 2 1 2 3 3 3 3 3 3 3 3 3 ~ 3
S   ~ 2 1 3 2 2 1 3 2 3 2 1 2 2 3 2 3 3 3 ~
